0	0.025	0.02505
0.1	0.1002	0.05015
0.2	0.20035	0.05
0.3	0.301	0.05065
0.4	0.4016	0.04995
0.5	0.50155	0.05
0.6	0.5994	0.04785
0.7	0.69965	0.0524
0.8	0.79995	0.0479
0.9	0.89715	0.0493
1	0.99625	0.0498
1.1	1.0953	0.04925
1.2	1.19845	0.0539
1.3	1.3045	0.05215
1.4	1.4058	0.04915
1.5	1.49995	0.045
1.6	1.60095	0.056
1.7	1.69945	0.0425
1.8	1.7958	0.05385
1.9	1.89705	0.0474
2	1.9943	0.04985
2.1	2.09655	0.0524
2.2	2.20405	0.0551
2.3	2.30525	0.0461
2.4	2.39935	0.048
2.5	2.4973	0.04995
2.6	2.5992	0.05195
2.7	2.70525	0.0541
2.8	2.80135	0.042
2.9	2.9014	0.05805
3	3.0045	0.04505
3.1	3.096	0.04645
3.2	3.1903	0.04785
3.3	3.28745	0.0493
3.4	3.38755	0.0508
3.5	3.4907	0.05235
3.6	3.597	0.05395
3.7	3.70655	0.0556
3.8	3.80015	0.038
3.9	3.8966	0.05845
4	3.995	0.03995
4.1	4.0964	0.06145
4.2	4.19985	0.042
4.3	4.30645	0.0646
4.4	4.4152	0.04415
4.5	4.5044	0.04505
4.6	4.5954	0.04595
4.7	4.6882	0.04685
4.8	4.7829	0.04785
4.9	4.87955	0.0488
5	4.9781	0.04975
5.1	5.07865	0.0508
5.2	5.18125	0.0518
5.3	5.2859	0.05285
5.4	5.3927	0.05395
5.5	5.50165	0.055
5.6	5.6128	0.05615
5.7	5.69745	0.0285
5.8	5.78375	0.0578
5.9	5.90055	0.059
6	6.01975	0.0602
6.1	6.1105	0.03055
6.2	6.2031	0.06205
6.3	6.2966	0.03145
6.4	6.392	0.06395
6.5	6.4884	0.03245
6.6	6.5867	0.06585
6.7	6.686	0.03345
6.8	6.7873	0.06785
6.9	6.8896	0.03445
7	6.994	0.06995
7.1	7.09945	0.0355
7.2	7.207	0.07205
7.3	7.31565	0.0366
7.4	7.38915	0.0369
7.5	7.5011	0.07505
7.6	7.6142	0.03805
7.7	7.6907	0.03845
7.8	7.8072	0.07805
7.9	7.9249	0.03965
8	8.00455	0.04
8.1	8.085	0.04045
8.2	8.2075	0.08205
8.3	8.3312	0.04165
8.4	8.41495	0.0421
8.5	8.49955	0.0425
8.6	8.58495	0.0429
8.7	8.67125	0.0434
8.8	8.80265	0.088
8.9	8.93535	0.0447
9	9.02515	0.0451
9.1	9.11585	0.0456
9.2	9.20745	0.046
9.3	9.29995	0.0465
9.4	9.39345	0.047
9.5	9.48785	0.0474
9.6	9.5832	0.04795
9.7	9.67955	0.0484
9.8	9.7768	0.04885
9.9	9.87505	0.0494
10	9.9743	0.04985
10.1	10.0746	0.0504
10.2	10.1758	0.05085
10.3	10.278	0.0514
10.4	10.3814	0.0519
10.5	10.4857	0.05245
10.6	10.5911	0.05295
10.7	10.6976	0.0535
10.8	10.805	0.054
10.9	10.9136	0.05455
11	11.0233	0.05515
11.1	11.1341	0.05565
11.2	11.246	0.05625
11.4	11.359	0.0568
11.5	11.4732	0.05735
11.6	11.5885	0.05795
11.7	11.705	0.0585
11.8	11.8226	0.05915
11.9	11.9415	0.0597
12.1	12.0614	0.0603
12.2	12.1826	0.0609
12.3	12.3051	0.06155
12.4	12.4287	0.0621
12.6	12.5536	0.0628
12.7	12.6798	0.0634
12.8	12.8072	0.064
12.9	12.9359	0.0647
13.1	13.066	0.06535
13.2	13.1973	0.06595
13.3	13.3299	0.06665
13.5	13.4639	0.06735
13.6	13.5993	0.068
13.7	13.7359	0.06865
13.9	13.8739	0.0694
14	14.0134	0.07005
14.2	14.1542	0.07075
14.3	14.2965	0.0715
14.4	14.4402	0.0722
14.6	14.5853	0.07295
14.7	14.7319	0.07365
14.9	14.8799	0.0744
15	15.0295	0.07515
15.2	15.1806	0.0759
15.3	15.3331	0.07665
15.5	15.4872	0.07745
15.6	15.6428	0.0782
15.8	15.8001	0.079
16	15.9588	0.0798
16.1	16.1193	0.0806
16.3	16.2812	0.0814
16.4	16.4449	0.0822
16.6	16.6101	0.08305
16.8	16.777	0.0839
16.9	16.9457	0.08475
17.1	17.116	0.08555
17.3	17.288	0.08645
17.5	17.4617	0.0873
17.6	17.6373	0.0882
17.8	17.8145	0.08905
18	17.9935	0.09
18.2	18.1744	0.09085
18.4	18.357	0.0918
18.5	18.5415	0.0927
18.7	18.7279	0.09365
18.9	18.9161	0.09455
19.1	19.1062	0.09555
19.3	19.2982	0.0965
19.5	19.4922	0.09745
19.7	19.6881	0.09845
19.9	19.886	0.0994
20.1	20.0858	0.10045
20.3	20.2877	0.1014
20.5	20.4916	0.1025
20.7	20.6975	0.10345
20.9	20.9055	0.10455
21.1	21.1156	0.10555
21.3	21.3278	0.10665
21.5	21.5422	0.1077
21.8	21.7586	0.1088
22	21.9774	0.1099
22.2	22.1982	0.111
22.4	22.4214	0.1121
22.6	22.6467	0.1132
22.9	22.8742	0.1144
23.1	23.1042	0.1155
23.3	23.3363	0.1167
23.6	23.5709	0.11785
23.8	23.8078	0.11905
24	24.047	0.1202
24.3	24.2887	0.12145
24.5	24.5328	0.1227
24.8	24.7794	0.12385
25	25.0284	0.12515
25.3	25.2799	0.1264
25.5	25.534	0.1277
25.8	25.7907	0.12895
26	26.0499	0.13025
26.3	26.3117	0.13155
26.6	26.5761	0.13285
26.8	26.8432	0.13425
27.1	27.113	0.13555
27.4	27.3855	0.1369
27.7	27.6607	0.1383
27.9	27.9386	0.1397
28.2	28.2195	0.1411
28.5	28.5031	0.14255
28.8	28.7895	0.1439
29.1	29.0788	0.1454
29.4	29.3711	0.14685
29.7	29.6663	0.14835
30	29.9645	0.1498
30.3	30.2656	0.15135
30.6	30.5698	0.15285
30.9	30.877	0.1544
31.2	31.1873	0.1559
31.5	31.5008	0.1575
31.8	31.8173	0.1591
32.1	32.1372	0.1607
32.5	32.4601	0.1623
32.8	32.7863	0.1639
33.1	33.1158	0.1656
33.4	33.4487	0.16725
33.8	33.7849	0.1689
34.1	34.1244	0.17065
34.5	34.4674	0.1723
34.8	34.8137	0.1741
35.2	35.1636	0.1758
35.5	35.517	0.1776
35.9	35.874	0.17935
36.2	36.2345	0.18115
36.6	36.5987	0.183
37	36.9665	0.18485
37.3	37.338	0.1867
37.7	37.7133	0.18855
38.1	38.0923	0.19045
38.5	38.4751	0.1924
38.9	38.8619	0.1943
39.3	39.2524	0.19625
39.6	39.6469	0.19825
40	40.0454	0.2002
40.4	40.4478	0.20225
40.9	40.8543	0.20425
41.3	41.2649	0.20635
41.7	41.6796	0.2084
42.1	42.0985	0.2105
42.5	42.5216	0.2126
42.9	42.949	0.21475
43.4	43.3807	0.2169
43.8	43.8166	0.21905
44.3	44.257	0.2213
44.7	44.7017	0.2235
45.2	45.151	0.22575
45.6	45.6048	0.22805
46.1	46.0631	0.2303
46.5	46.526	0.2326
47	46.9937	0.235
47.5	47.466	0.2373
47.9	47.9429	0.2397
48.4	48.4248	0.24215
48.9	48.9115	0.24455
49.4	49.4031	0.247
49.9	49.8995	0.2495
50.4	50.401	0.252
50.9	50.9076	0.25455
51.4	51.4192	0.2571
51.9	51.936	0.25965
52.5	52.4579	0.2623
53	52.9852	0.26495
53.5	53.5177	0.26755
54.1	54.0556	0.2703
54.6	54.5989	0.273
55.1	55.1476	0.2757
55.7	55.7018	0.27855
56.3	56.2616	0.2813
56.8	56.8271	0.2841
57.4	57.3982	0.287
58	57.975	0.2899
58.6	58.5577	0.29275
59.1	59.1462	0.29575
59.7	59.7406	0.2987
60.3	60.3411	0.3017
60.9	60.9475	0.30475
61.6	61.5601	0.3078
62.2	62.1787	0.31085
62.8	62.8036	0.31405
63.4	63.4348	0.31715
64.1	64.0723	0.32035
64.7	64.7163	0.3236
65.4	65.3667	0.32685
66	66.0237	0.3301
66.7	66.6871	0.3334
67.4	67.3574	0.3368
68	68.0344	0.3402
68.7	68.7181	0.34355
69.4	69.4087	0.34705
70.1	70.1063	0.35055
70.8	70.8109	0.35405
71.5	71.5225	0.3576
72.2	72.2413	0.3612
73	72.9674	0.36485
73.7	73.7007	0.3685
74.4	74.4414	0.3722
75.2	75.1896	0.37595
75.9	75.9453	0.3797
76.7	76.7085	0.38355
77.5	77.4794	0.3874
78.3	78.2581	0.39125
79	79.0446	0.39525
79.8	79.839	0.3992
80.6	80.6415	0.4032
81.5	81.4519	0.40725
82.3	82.2705	0.41135
83.1	83.0973	0.4155
83.9	83.9325	0.41965
84.8	84.776	0.42385
85.6	85.628	0.42815
86.5	86.4886	0.43245
87.4	87.3578	0.4368
88.2	88.2358	0.44115
89.1	89.1225	0.4456
90	90.0183	0.4501
90.9	90.923	0.4546
91.8	91.8368	0.4592
92.8	92.7598	0.4638
93.7	93.692	0.46845
94.6	94.6336	0.47315
95.6	95.5846	0.4779
96.5	96.5453	0.48275
97.5	97.5156	0.48755
98.5	98.4956	0.4925
99.5	99.4856	0.4974
100.5	100.485	0.5025
101.5	101.495	0.5075
102.5	102.515	0.5125
103.5	103.546	0.5175
104.6	104.586	0.523
105.6	105.637	0.5285
106.7	106.699	0.5335
107.8	107.771	0.5385
108.9	108.855	0.5445
109.9	109.949	0.5495
111.1	111.054	0.5555
112.2	112.17	0.561
113.3	113.297	0.5665
114.4	114.436	0.572
115.6	115.586	0.578
116.7	116.747	0.5835
117.9	117.921	0.5895
119.1	119.106	0.5955
120.3	120.303	0.6015
121.5	121.512	0.608
122.7	122.733	0.6135
124	123.967	0.62
125.2	125.213	0.626
126.5	126.471	0.632
127.7	127.742	0.639
129	129.026	0.645
130.3	130.323	0.6515
131.6	131.632	0.6585
133	132.955	0.6645
134.3	134.292	0.6715
135.6	135.641	0.678
137	137.004	0.685
138.4	138.381	0.692
139.8	139.772	0.699
141.2	141.177	0.706
142.6	142.596	0.713
144	144.029	0.72
145.5	145.476	0.7275
146.9	146.938	0.7345
148.4	148.415	0.742
149.9	149.907	0.7495
151.4	151.413	0.757
152.9	152.935	0.765
154.5	154.472	0.772
156	156.024	0.7805
157.6	157.593	0.788
159.2	159.176	0.7955
160.8	160.776	0.804
162.4	162.392	0.812
164	164.024	0.82
165.7	165.672	0.8285
167.3	167.337	0.8365
169	169.019	0.845
170.7	170.718	0.854
172.4	172.434	0.862
174.2	174.167	0.871
175.9	175.917	0.8795
